01100000
51000001
52000002
54800000
55800000
5b000028
0d100000
04100000
0a100000
54800000
66080000
c6010000
4090f005
0d100000
68200000
5a000001
ca0b0007
0d100000
7c200000
66080000
c602000a
0d100000
67210000
c701fff4
4090f014
0d100000
48440000
8800fff8
78040000
54000001
0a100000
4090f010
0d100000
66080000
0c100000
c60cffe1
5c000006
c60c0009
5c000004
c60c0013
5c000004
c60c003f
5c000004
c60c0053
0e100000
5e000010
7e040000
4090f01f
0d100000
c504005e
73400000
43050000
73480000
55000001
8300fff8
73040000
0d100000
6c410000
cc01fff4
4090f037
0d100000
c5540052
57000001
73400000
43050000
73480000
6e020000
06100000
260000cf
ce06000d
56000010
ce060015
56000020
ce06000e
56fffff0
ce060016
0d100000
55000001
8300fff8
73040000
0d100000
6c410000
cc01ffe8
4090f04f
0d100000
06100000
56000004
c607000a
4090f04b
0d100000
06100000
56000001
c6070005
4090f066
0d100000
06100000
56000002
c6070000
4090f04b
0d100000
07100000
55000001
4090f04b
0d100000
55000002
4090f04b
0d100000
c5040024
73400000
43050000
73480000
0e100000
5e000002
8300fff8
73040000
0d100000
6c410000
cc010000
4090f072
73400000
43050000
73480000
55000001
0d100000
6c410000
cc01ffeb
4090f07a
0d100000
08100000
08540000
05100000
55800000
0d100000
c508000a
73400000
43080000
73480000
58ffffff
8300fff8
73040000
0d100000
6c410000
cc01fff5
4090f08c
0d100000
05100000
55800000
4090f01f
00000000
00000000
ffffffff
ffffffff
ffffffff
ffffffff
ffffffff
ffffffff
ffffffff
ffffffff
ffffffff
ffffffff
ffffffff
ffffffff
ffffffff
ffffffff
ffffffff
ffffffff
00000000
00000000
00000000
00000000
00000000
00000000
00000000
00000000
00000000
00000000
00000000
00000000
00000000
00000000
00000000
00000000
00555000
00555000
05000500
05000500
05000500
05000500
05000500
05000500
05000500
05000500
05000500
05000500
00555000
00555000
00000000
00000000
00050000
00050000
00550000
00550000
00050000
00050000
00050000
00050000
00050000
00050000
00050000
00050000
00555000
00555000
00000000
00000000
00555000
00555000
05000500
05000500
00000500
00000500
00005000
00005000
00050000
00050000
00500000
00500000
05555500
05555500
00000000
00000000
05555500
05555500
00005000
00005000
00050000
00050000
00005000
00005000
00000500
00000500
05000500
05000500
00555000
00555000
00000000
00000000
00000500
00000500
00005500
00005500
00050500
00050500
00500500
00500500
00555550
00555550
00000500
00000500
00000500
00000500
00000000
00000000
00555550
00555550
00500000
00500000
00555500
00555500
00000050
00000050
00000050
00000050
00500050
00500050
00055500
00055500
00000000
00000000
00005500
00005500
00050000
00050000
00500000
00500000
00555500
00555500
00500050
00500050
00500050
00500050
00055500
00055500
00000000
00000000
05555500
05555500
00000500
00000500
00005000
00005000
00050000
00050000
00050000
00050000
00050000
00050000
00050000
00050000
00000000
00000000
00555000
00555000
05000500
05000500
05000500
05000500
00555000
00555000
05000500
05000500
05000500
05000500
00555000
00555000
00000000
00000000
00555000
00555000
05000500
05000500
05000500
05000500
00555500
00555500
00000500
00000500
00005000
00005000
00550000
00550000
00000000
00000000
00555000
00555000
05000500
05000500
05000500
05000500
05555500
05555500
05000500
05000500
05000500
05000500
05000500
05000500
00000000
00000000
05555000
05555000
00500500
00500500
00500500
00500500
00555000
00555000
00500500
00500500
00500500
00500500
05555000
05555000
00000000
00000000
00555000
00555000
05000500
05000500
05000000
05000000
05000000
05000000
05000000
05000000
05000500
05000500
00555000
00555000
00000000
00000000
05555500
05555500
00500050
00500050
00500050
00500050
00500050
00500050
00500050
00500050
00500050
00500050
05555500
05555500
00000000
00000000
05555500
05555500
05000000
05000000
05000000
05000000
05555500
05555500
05000000
05000000
05000000
05000000
05555500
05555500
00000000
00000000
05555500
05555500
05000000
05000000
05000000
05000000
05555500
05555500
05000000
05000000
05000000
05000000
05000000
05000000
00000000
00000000
00555000
00555000
05000500
05000500
05000000
05000000
05005500
05005500
05000500
05000500
05000500
05000500
00555000
00555000
00000000
00000000
05000500
05000500
05000500
05000500
05000500
05000500
05555500
05555500
05000500
05000500
05000500
05000500
05000500
05000500
00000000
00000000
00555000
00555000
00050000
00050000
00050000
00050000
00050000
00050000
00050000
00050000
00050000
00050000
00555000
00555000
00000000
00000000
00555000
00555000
00050000
00050000
00050000
00050000
00050000
00050000
00050000
00050000
05050000
05050000
00500000
00500000
00000000
00000000
05000500
05000500
05005000
05005000
05050000
05050000
05500000
05500000
05050000
05050000
05005000
05005000
05000500
05000500
00000000
00000000
05000000
05000000
05000000
05000000
05000000
05000000
05000000
05000000
05000000
05000000
05000000
05000000
05555500
05555500
00000000
00000000
05000500
05000500
05505500
05505500
05050500
05050500
05050500
05050500
05000500
05000500
05000500
05000500
05000500
05000500
00000000
00000000
05000500
05000500
05500500
05500500
05500500
05500500
05050500
05050500
05005500
05005500
05005500
05005500
05000500
05000500
00000000
00000000
00555000
00555000
05000500
05000500
05000500
05000500
05000500
05000500
05000500
05000500
05000500
05000500
00555000
00555000
00000000
00000000
05555000
05555000
05000500
05000500
05000500
05000500
05555000
05555000
05000000
05000000
05000000
05000000
05000000
05000000
00000000
00000000
00555000
00555000
05000500
05000500
05000500
05000500
05000500
05000500
05050500
05050500
05005000
05005000
00550500
00550500
00000000
00000000
05555000
05555000
05000500
05000500
05000500
05000500
05555000
05555000
05050000
05050000
05005000
05005000
05000500
05000500
00000000
00000000
00555000
00555000
05000500
05000500
05000000
05000000
00555000
00555000
00000500
00000500
05000500
05000500
00555000
00555000
00000000
00000000
05555500
05555500
00050000
00050000
00050000
00050000
00050000
00050000
00050000
00050000
00050000
00050000
00050000
00050000
00000000
00000000
05000500
05000500
05000500
05000500
05000500
05000500
05000500
05000500
05000500
05000500
05000500
05000500
00555000
00555000
00000000
00000000
05000500
05000500
05000500
05000500
05000500
05000500
05000500
05000500
05000500
05000500
00505000
00505000
00050000
00050000
00000000
00000000
05000500
05000500
05000500
05000500
05000500
05000500
05050500
05050500
05050500
05050500
05505500
05505500
05000500
05000500
00000000
00000000
05000500
05000500
05000500
05000500
00505000
00505000
00050000
00050000
00505000
00505000
05000500
05000500
05000500
05000500
00000000
00000000
05000500
05000500
05000500
05000500
05000500
05000500
00505000
00505000
00050000
00050000
00050000
00050000
00050000
00050000
00000000
00000000
05555500
05555500
00000500
00000500
00005000
00005000
00050000
00050000
00500000
00500000
05000000
05000000
05555500
05555500
00000000
00000000
00000000
00000000
00000000
00000000
00aaa000
00aaa000
0aaaaa00
0aaaaa00
0aaaaa00
0aaaaa00
00aaa000
00aaa000
00000000
00000000
00000000
00000000
00000000
00000000
000aa000
000aa000
00aaaa00
00aaaa00
0aaaaaa0
0aaaaaa0
0aaaaaa0
0aaaaaa0
00aaaa00
00aaaa00
000aa000
000aa000
00000000
00000000
00000000
00000000
00055000
00055000
00055000
00055000
00000000
00000000
00055000
00055000
00055000
00055000
00000000
00000000
00000000
00000000
00000000
00000000
55555555
55555555
55555555
55555555
55555555
55555555
55555555
55555555
55555555
55555555
55555555
55555555
00000000
00000000
00000005
00000005
00000005
00000005
00000005
00000005
00000005
00000005
00000005
00000005
00000005
00000005
00000005
00000005
00000005
00000005
00000000
00000000
00000000
00000000
00000000
00000000
00000000
00000000
00000000
00000000
00000000
00000000
00000000
00000000
55555555
55555555
55555555
55555555
00000000
00000000
00000000
00000000
00000000
00000000
00000000
00000000
00000000
00000000
00000000
00000000
00000000
00000000
50000000
50000000
50000000
50000000
50000000
50000000
50000000
50000000
50000000
50000000
50000000
50000000
50000000
50000000
50000000
50000000
00000000
00000000
00000000
00000000
00000000
00000000
00000000
00000000
00000000
00000000
00000000
00000000
00000000
00000000
00000000
00000000
00000000
00000000
00000000
00000000
00000000
00000000
00000000
00000000
00000000
00000000
00000000
00000000
00000000
00000000
00000000
00000000
00000000
00000000
00000000
00000000
00000000
00000000
00000000
00000000
00000000
00000000
00000000
00000000
00000000
00000000
00000000
00000000
00000000
00000000
00000000
00000000
00000000
00000000
00000000
00000000
00000000
00000000
00000000
00000000
00000000
00000000
00000000
00000000
00000000
00000000
00000000
00000000
00000000
00000000
00000000
00000000
00000000
00000000
00000000
00000000
00000000
00000000
00000000
00000000
00000000
00000000
00000000
00000000
00000000
00000000
00000000
00000000
00000000
00000000
00000000
00000000
00000000
00000000
00000000
00000000
00000000
00000000
00000000
00000000
00000000
00000000
00000000
00000000
00000000
00000000
00000000
00000000
00000000
00000000
00000000
00000000
00000000
00000000
00000000
00000000
00000000
00000000
00000000
00000000
00000000
00000000
00000000
00000000
00000000
00000000
00000000
00000000
00000000
00000000
00000000
00000000
00000000
00000000
00000000
00000000
00000000
00000000
