ffffffff
ffffffff
ffffffff
ffffffff
ffffffff
ffffffff
ffffffff
ffffffff
ffffffff
ffffffff
ffffffff
ffffffff
ffffffff
ffffffff
ffffffff
ffffffff
00000000
00000000
00000000
00000000
00000000
00000000
00000000
00000000
00000000
00000000
00000000
00000000
00000000
00000000
00000000
00000000
00555000
00555000
05000500
05000500
05000500
05000500
05000500
05000500
05000500
05000500
05000500
05000500
00555000
00555000
00000000
00000000
00050000
00050000
00550000
00550000
00050000
00050000
00050000
00050000
00050000
00050000
00050000
00050000
00555000
00555000
00000000
00000000
00555000
00555000
05000500
05000500
00000500
00000500
00005000
00005000
00050000
00050000
00500000
00500000
05555500
05555500
00000000
00000000
05555500
05555500
00005000
00005000
00050000
00050000
00005000
00005000
00000500
00000500
05000500
05000500
00555000
00555000
00000000
00000000
00000500
00000500
00005500
00005500
00050500
00050500
00500500
00500500
00555550
00555550
00000500
00000500
00000500
00000500
00000000
00000000
00555550
00555550
00500000
00500000
00555500
00555500
00000050
00000050
00000050
00000050
00500050
00500050
00055500
00055500
00000000
00000000
00005500
00005500
00050000
00050000
00500000
00500000
00555500
00555500
00500050
00500050
00500050
00500050
00055500
00055500
00000000
00000000
05555500
05555500
00000500
00000500
00005000
00005000
00050000
00050000
00050000
00050000
00050000
00050000
00050000
00050000
00000000
00000000
00555000
00555000
05000500
05000500
05000500
05000500
00555000
00555000
05000500
05000500
05000500
05000500
00555000
00555000
00000000
00000000
00555000
00555000
05000500
05000500
05000500
05000500
00555500
00555500
00000500
00000500
00005000
00005000
00550000
00550000
00000000
00000000
00555000
00555000
05000500
05000500
05000500
05000500
05555500
05555500
05000500
05000500
05000500
05000500
05000500
05000500
00000000
00000000
05555000
05555000
00500500
00500500
00500500
00500500
00555000
00555000
00500500
00500500
00500500
00500500
05555000
05555000
00000000
00000000
00555000
00555000
05000500
05000500
05000000
05000000
05000000
05000000
05000000
05000000
05000500
05000500
00555000
00555000
00000000
00000000
05555500
05555500
00500050
00500050
00500050
00500050
00500050
00500050
00500050
00500050
00500050
00500050
05555500
05555500
00000000
00000000
05555500
05555500
05000000
05000000
05000000
05000000
05555500
05555500
05000000
05000000
05000000
05000000
05555500
05555500
00000000
00000000
05555500
05555500
05000000
05000000
05000000
05000000
05555500
05555500
05000000
05000000
05000000
05000000
05000000
05000000
00000000
00000000
00555000
00555000
05000500
05000500
05000000
05000000
05005500
05005500
05000500
05000500
05000500
05000500
00555000
00555000
00000000
00000000
05000500
05000500
05000500
05000500
05000500
05000500
05555500
05555500
05000500
05000500
05000500
05000500
05000500
05000500
00000000
00000000
00555000
00555000
00050000
00050000
00050000
00050000
00050000
00050000
00050000
00050000
00050000
00050000
00555000
00555000
00000000
00000000
00555000
00555000
00050000
00050000
00050000
00050000
00050000
00050000
00050000
00050000
05050000
05050000
00500000
00500000
00000000
00000000
05000500
05000500
05005000
05005000
05050000
05050000
05500000
05500000
05050000
05050000
05005000
05005000
05000500
05000500
00000000
00000000
05000000
05000000
05000000
05000000
05000000
05000000
05000000
05000000
05000000
05000000
05000000
05000000
05555500
05555500
00000000
00000000
05000500
05000500
05505500
05505500
05050500
05050500
05050500
05050500
05000500
05000500
05000500
05000500
05000500
05000500
00000000
00000000
05000500
05000500
05500500
05500500
05500500
05500500
05050500
05050500
05005500
05005500
05005500
05005500
05000500
05000500
00000000
00000000
00555000
00555000
05000500
05000500
05000500
05000500
05000500
05000500
05000500
05000500
05000500
05000500
00555000
00555000
00000000
00000000
05555000
05555000
05000500
05000500
05000500
05000500
05555000
05555000
05000000
05000000
05000000
05000000
05000000
05000000
00000000
00000000
00555000
00555000
05000500
05000500
05000500
05000500
05000500
05000500
05050500
05050500
05005000
05005000
00550500
00550500
00000000
00000000
05555000
05555000
05000500
05000500
05000500
05000500
05555000
05555000
05050000
05050000
05005000
05005000
05000500
05000500
00000000
00000000
00555000
00555000
05000500
05000500
05000000
05000000
00555000
00555000
00000500
00000500
05000500
05000500
00555000
00555000
00000000
00000000
05555500
05555500
00050000
00050000
00050000
00050000
00050000
00050000
00050000
00050000
00050000
00050000
00050000
00050000
00000000
00000000
05000500
05000500
05000500
05000500
05000500
05000500
05000500
05000500
05000500
05000500
05000500
05000500
00555000
00555000
00000000
00000000
05000500
05000500
05000500
05000500
05000500
05000500
05000500
05000500
05000500
05000500
00505000
00505000
00050000
00050000
00000000
00000000
05000500
05000500
05000500
05000500
05000500
05000500
05050500
05050500
05050500
05050500
05505500
05505500
05000500
05000500
00000000
00000000
05000500
05000500
05000500
05000500
00505000
00505000
00050000
00050000
00505000
00505000
05000500
05000500
05000500
05000500
00000000
00000000
05000500
05000500
05000500
05000500
05000500
05000500
00505000
00505000
00050000
00050000
00050000
00050000
00050000
00050000
00000000
00000000
05555500
05555500
00000500
00000500
00005000
00005000
00050000
00050000
00500000
00500000
05000000
05000000
05555500
05555500
00000000
00000000
00000000
00000000
00000000
00000000
00aaa000
00aaa000
0aaaaa00
0aaaaa00
0aaaaa00
0aaaaa00
00aaa000
00aaa000
00000000
00000000
00000000
00000000
00000000
00000000
000aa000
000aa000
00aaaa00
00aaaa00
0aaaaaa0
0aaaaaa0
0aaaaaa0
0aaaaaa0
00aaaa00
00aaaa00
000aa000
000aa000
00000000
00000000
00000000
00000000
00055000
00055000
00055000
00055000
00000000
00000000
00055000
00055000
00055000
00055000
00000000
00000000
00000000
00000000
00000000
00000000
55555555
55555555
55555555
55555555
55555555
55555555
55555555
55555555
55555555
55555555
55555555
55555555
00000000
00000000
00000005
00000005
00000005
00000005
00000005
00000005
00000005
00000005
00000005
00000005
00000005
00000005
00000005
00000005
00000005
00000005
00000000
00000000
00000000
00000000
00000000
00000000
00000000
00000000
00000000
00000000
00000000
00000000
00000000
00000000
55555555
55555555
55555555
55555555
00000000
00000000
00000000
00000000
00000000
00000000
00000000
00000000
00000000
00000000
00000000
00000000
00000000
00000000
50000000
50000000
50000000
50000000
50000000
50000000
50000000
50000000
50000000
50000000
50000000
50000000
50000000
50000000
50000000
50000000
00000000
00000000
00000000
00000000
00000000
00000000
00000000
00000000
00000000
00000000
00000000
00000000
00000000
00000000
00000000
00000000
00000000
00000000
00000000
00000000
00000000
00000000
00000000
00000000
00000000
00000000
00000000
00000000
00000000
00000000
00000000
00000000
00000000
00000000
00000000
00000000
00000000
00000000
00000000
00000000
00000000
00000000
00000000
00000000
00000000
00000000
00000000
00000000
00000000
00000000
00000000
00000000
00000000
00000000
00000000
00000000
00000000
00000000
00000000
00000000
00000000
00000000
00000000
00000000
00000000
00000000
00000000
00000000
00000000
00000000
00000000
00000000
00000000
00000000
00000000
00000000
00000000
00000000
00000000
00000000
00000000
00000000
00000000
00000000
00000000
00000000
00000000
00000000
00000000
00000000
00000000
00000000
00000000
00000000
00000000
00000000
00000000
00000000
00000000
00000000
00000000
00000000
00000000
00000000
00000000
00000000
00000000
00000000
00000000
00000000
00000000
00000000
00000000
00000000
00000000
00000000
00000000
00000000
00000000
00000000
00000000
00000000
00000000
00000000
00000000
00000000
00000000
00000000
00000000
00000000
00000000
00000000
00000000
00000000
00000000
00000000
00000000
00000000
00000000
00000000
00000000
00000000
00000000
00000000
00000000
00000000
00000000
00000000
00000000
00000000
00000000
00000000
00000000
00000000
00000000
00000000
00000000
00000000
00000000
00000000
00000000
00000000
00000000
00000000
00000000
00000000
00000000
00000000
00000000
00000000
00000000
00000000
00000000
00000000
00000000
00000000
00000000
00000000
00000000
00000000
00000000
00000000
00000000
00000000
00000000
00000000
00000000
00000000
00000000
00000000
00000000
00000000
00000000
00000000
00000000
00000000
00000000
00000000
00000000
00000000
00000000
00000000
00000000
00000000
00000000
00000000
00000000
00000000
00000000
00000000
00000000
00000000
00000000
00000000
00000000
00000000
00000000
00000000
00000000
00000000
00000000
00000000
00000000
00000000
00000000
00000000
00000000
00000000
00000000
00000000
00000000
00000000
00000000
00000000
00000000
00000000
00000000
00000000
00000000
00000000
00000000
00000000
00000000
00000000
00000000
00000000
00000000
00000000
00000000
00000000
00000000
00000000
00000000
00000000
00000000
00000000
00000000
00000000
00000000
00000000
00000000
00000000
00000000
00000000
00000000
00000000
00000000
00000000
00000000
00000000
00000000
00000000
00000000
00000000
00000000
00000000
00000000
00000000
00000000
00000000
00000000
00000000
00000000
00000000
00000000
00000000
00000000
00000000